%YAML:1.0
---
body_T_cam0: !!opencv-matrix
   rows: 4
   cols: 4
   dt: d
   data: [ 2.2337080717389268e-02, -2.8241109468483627e-02,
       9.9935153702839430e-01, 6.5282794369588476e-02,
       -9.9974959807624741e-01, 7.0895729583919653e-04,
       2.2366012741092067e-02, 6.3584785604415498e-03,
       -1.3401385774793328e-03, -9.9960088891294108e-01,
       -2.8218201804001808e-02, 3.3414195449070781e-02, 0., 0., 0., 1. ]
body_T_cam1: !!opencv-matrix
   rows: 4
   cols: 4
   dt: d
   data: [ 2.3308218946004322e-02, -2.8523731363256921e-02,
       9.9932133154390435e-01, 6.6810963758528810e-02,
       -9.9972740272931482e-01, 6.9390171185979010e-04,
       2.3337496277724745e-02, -4.2660722358903239e-02,
       -1.3591032571732553e-03, -9.9959287474928071e-01,
       -2.8499782258910589e-02, 3.3485657397792162e-02, 0., 0., 0., 1. ]
