%YAML:1.0

#common parameters
#support: 1 imu 1 cam; 1 imu 2 cam: 2 cam; 
imu: 1         
num_of_cam: 2


imu_topic: "/mavros/imu/data_raw"
image0_topic: "/camera/infra1/image_rect_raw"
image1_topic: "/camera/infra2/image_rect_raw"




output_path: "/home/n21/UnderBridge-ROS/vins_output"


cam0_calib: "left.yaml"
cam1_calib: "right.yaml"
image_width: 640
image_height: 480
   

# Extrinsic parameter between IMU and Camera.
estimate_extrinsic: 1   # 0  Have an accurate extrinsic parameters. We will trust the following imu^R_cam, imu^T_cam, don't change it.
                        # 1  Have an initial guess about extrinsic parameters. We will optimize around your initial guess.

# body_T_cam0: !!opencv-matrix
#    rows: 4
#    cols: 4
#    dt: d
#    data: [ -5.0818779359573796e-04, 1.5712426461262585e-02,
#        9.9987642306430358e-01, 7.9930892144268836e-02,
#        -9.9854621243881392e-01, -5.3901264876441424e-02,
#        3.3951261996684190e-04, 2.6721026710826878e-02,
#        5.3899938490371557e-02, -9.9842264262156011e-01,
#        1.5716975895986529e-02, 4.7800709194584054e-02, 0., 0., 0., 1. ]
# body_T_cam1: !!opencv-matrix
#    rows: 4
#    cols: 4
#    dt: d
#    data: [ 8.6967045980657076e-05, 1.5501021704317719e-02,
#        9.9987984816319586e-01, 8.0132545624217649e-02,
#        -9.9853446173178506e-01, -5.4111659975675019e-02,
#        9.2573683716784538e-04, -2.4473912456952667e-02,
#        5.4119508227141733e-02, -9.9841456649069360e-01,
#        1.5473598432592217e-02, 5.0694500067783470e-02, 0., 0., 0., 1. ]

# body_T_cam0: !!opencv-matrix
#    rows: 4
#    cols: 4
#    dt: d
#    data: [ 1.9917219691742982e-02, -2.0822038164806767e-02,
#        9.9958478734243184e-01, 7.4315731096343748e-02,
#        -9.9980147333287128e-01, 1.4935435883445258e-04,
#        1.9924648420881041e-02, 1.2353648022067718e-02,
#        -5.6416413485449457e-04, -9.9978318670596744e-01,
#        -2.0814929711390651e-02, 3.8772472793784152e-02, 0., 0., 0., 1. ]
# body_T_cam1: !!opencv-matrix
#    rows: 4
#    cols: 4
#    dt: d
#    data: [ 2.0475692020698322e-02, -2.1139511207832085e-02,
#        9.9956683973717730e-01, 7.5157796915621938e-02,
#        -9.9979022974692389e-01, 5.9538667460556916e-05,
#        2.0481527231648311e-02, -3.7444583684837753e-02,
#        -4.9248235214299774e-04, -9.9977653379194775e-01,
#        -2.1133857671798317e-02, 3.8609260833338009e-02, 0., 0., 0., 1. ]

body_T_cam0: !!opencv-matrix
   rows: 4
   cols: 4
   dt: d
   data: [ 1.8842205652828126e-02, -2.2122150067029334e-02,
       9.9957770171335292e-01, 7.2645179251645459e-02,
       -9.9982231056102366e-01, 1.4749623249299404e-04,
       1.8850080882526266e-02, 1.2132760055972077e-02,
       -5.6443826314578338e-04, -9.9975526441288309e-01,
       -2.2115440040249457e-02, 3.6594771835059228e-02, 0., 0., 0., 1. ]
body_T_cam1: !!opencv-matrix
   rows: 4
   cols: 4
   dt: d
   data: [ 1.9701469515364112e-02, -2.2387563668347377e-02,
       9.9955522563384713e-01, 7.3528467682612730e-02,
       -9.9980577205720655e-01, 7.8682476911340338e-05,
       1.9708170137312631e-02, -3.7910633213184927e-02,
       -5.1986539469844883e-04, -9.9974936399182768e-01,
       -2.2381665217491964e-02, 3.6530579636594999e-02, 0., 0., 0., 1. ]

#Multiple thread support
multiple_thread: 1

#feature traker paprameters
max_cnt: 100            # max feature number in feature tracking
min_dist: 30            # min distance between two features 
freq: 10                # frequence (Hz) of publish tracking result. At least 10Hz for good estimation. If set 0, the frequence will be same as raw image 
F_threshold: 1.0        # ransac threshold (pixel)
show_track: 0           # publish tracking image as topic
flow_back: 1            # perform forward and backward optical flow to improve feature tracking accuracy

#optimization parameters
max_solver_time: 0.04  # max solver itration time (ms), to guarantee real time
max_num_iterations: 8   # max solver itrations, to guarantee real time
keyframe_parallax: 10.0 # keyframe selection threshold (pixel)

#imu parameters       The more accurate parameters you provide, the better performance
acc_n: 0.1          # accelerometer measurement noise standard deviation. #0.2   0.04
gyr_n: 0.01         # gyroscope measurement noise standard deviation.     #0.05  0.004
acc_w: 0.001         # accelerometer bias random work noise standard deviation.  #0.002
gyr_w: 0.0001       # gyroscope bias random work noise standard deviation.     #4.0e-5
g_norm: 9.805         # gravity magnitude

#unsynchronization parameters
estimate_td: 0                      # online estimate time offset between camera and imu
td: -0.001600                             # initial value of time offset. unit: s. readed image clock + td = real image clock (IMU clock)

#loop closure parameters
load_previous_pose_graph: 0        # load and reuse previous pose graph; load from 'pose_graph_save_path'
pose_graph_save_path: "/home/fast/savedfiles/output/pose_graph/" # save and load path
save_image: 1                   # save image in pose graph for visualization prupose; you can close this function by setting 0 

